#group: free  frags first [ 2^0   2^1   2^2   2^3   2^4   2^5   2^6   2^7   2^8   2^9   2^10  2^11  2^12  2^13  ]
#0    : 1822  1     6370  [ 0     1     1     1     1     0     0     0     1     1     1     0     0     0     ]
#1    : 7668  1     524   [ 0     0     1     0     1     1     1     1     1     0     1     3     0     0     ]
#2    : 8192  1     0     [ 0     0     0     0     0     0     0     0     0     0     0     4     0     0     ]
#3    : 7934  1     258   [ 0     1     1     1     1     1     1     1     0     1     1     3     0     0     ]
#4    : 8192  1     0     [ 0     0     0     0     0     0     0     0     0     0     0     4     0     0     ]
#5    : 904   1     5240  [ 0     0     0     1     0     0     0     1     1     1     0     0     0     0     ]
#6    : 0     0     8192  [ 0     0     0     0     0     0     0     0     0     0     0     0     0     0     ]
#7    : 3111  4     803   [ 1     1     3     3     2     1     1     1     1     1     0     1     0     0     ]
#8    : 8192  1     0     [ 0     0     0     0     0     0     0     0     0     0     0     4     0     0     ]
#9    : 7934  1     258   [ 0     1     1     1     1     1     1     1     0     1     1     3     0     0     ]
#10   : 8192  1     0     [ 0     0     0     0     0     0     0     0     0     0     0     4     0     0     ]
#11   : 8192  1     0     [ 0     0     0     0     0     0     0     0     0     0     0     4     0     0     ]
#12   : 4095  1     0     [ 1     1     1     1     1     1     1     1     1     1     1     1     0     0     ]
