#group: free  frags first [ 2^0   2^1   2^2   2^3   2^4   2^5   2^6   2^7   2^8   2^9   2^10  2^11  2^12  2^13  ]
#0    : 14718 11    9033  [ 8     1     3     5     4     0     0     4     3     2     2     1     0     1     ]
#1    : 5     2     1018  [ 1     0     1     0     0     0     0     0     0     0     0     0     0     0     ]
#2    : 9614  15    13912 [ 10    8     11    11    11    10    10    11    9     1     0     0     1     0     ]
#3    : 16635 2     8161  [ 1     1     2     2     2     0     1     1     0     0     0     0     0     2     ]
#4    : 32382 59    0     [ 54    54    55    54    43    27    19    13    8     3     5     5     2     0     ]
#5    : 25603 58    757   [ 53    53    51    49    43    37    31    20    10    5     3     3     1     0     ]
#6    : 2264  3     61    [ 2     1     1     0     1     2     2     0     2     1     1     0     0     0     ]
#7    : 253   5     14118 [ 1     2     2     4     3     1     0     1     0     0     0     0     0     0     ]
#8    : 1038  2     16373 [ 2     2     0     1     0     0     0     0     0     0     1     0     0     0     ]
#9    : 1304  5     6747  [ 4     2     4     2     3     2     2     2     3     0     0     0     0     0     ]
#10   : 26233 1     6535  [ 1     0     0     1     1     1     1     0     0     1     1     0     0     3     ]
#11   : 32768 1     0     [ 0     0     0     0     0     0     0     0     0     0     0     0     0     4     ]
#12   : 32768 1     0     [ 0     0     0     0     0     0     0     0     0     0     0     0     0     4     ]
#13   : 32768 1     0     [ 0     0     0     0     0     0     0     0     0     0     0     0     0     4     ]
#14   : 32768 1     0     [ 0     0     0     0     0     0     0     0     0     0     0     0     0     4     ]
#15   : 32768 1     0     [ 0     0     0     0     0     0     0     0     0     0     0     0     0     4     ]
#16   : 23974 2     8122  [ 0     1     1     0     0     1     2     2     0     0     1     1     1     2     ]
#17   : 8095  58    18944 [ 45    33    42    39    31    19    8     4     1     4     1     1     0     0     ]
#18   : 19549 1     13219 [ 1     0     1     1     1     0     1     0     0     0     1     1     0     2     ]
#19   : 32768 1     0     [ 0     0     0     0     0     0     0     0     0     0     0     0     0     4     ]
#20   : 32768 1     0     [ 0     0     0     0     0     0     0     0     0     0     0     0     0     4     ]
#21   : 32768 1     0     [ 0     0     0     0     0     0     0     0     0     0     0     0     0     4     ]
#22   : 32768 1     0     [ 0     0     0     0     0     0     0     0     0     0     0     0     0     4     ]
#23   : 32768 1     0     [ 0     0     0     0     0     0     0     0     0     0     0     0     0     4     ]
#24   : 32768 1     0     [ 0     0     0     0     0     0     0     0     0     0     0     0     0     4     ]
#25   : 32011 1     757   [ 1     1     0     1     0     0     0     0     1     0     1     1     1     3     ]
#26   : 32768 1     0     [ 0     0     0     0     0     0     0     0     0     0     0     0     0     4     ]
#27   : 32011 1     757   [ 1     1     0     1     0     0     0     0     1     0     1     1     1     3     ]
#28   : 32768 1     0     [ 0     0     0     0     0     0     0     0     0     0     0     0     0     4     ]
#29   : 32768 1     0     [ 0     0     0     0     0     0     0     0     0     0     0     0     0     4     ]
#30   : 32768 1     0     [ 0     0     0     0     0     0     0     0     0     0     0     0     0     4     ]
#31   : 32768 1     0     [ 0     0     0     0     0     0     0     0     0     0     0     0     0     4     ]
#32   : 24671 1     8097  [ 1     1     1     1     1     0     1     0     0     0     0     0     0     3     ]
#33   : 32768 1     0     [ 0     0     0     0     0     0     0     0     0     0     0     0     0     4     ]
#34   : 32768 1     0     [ 0     0     0     0     0     0     0     0     0     0     0     0     0     4     ]
#35   : 32768 1     0     [ 0     0     0     0     0     0     0     0     0     0     0     0     0     4     ]
#36   : 32768 1     0     [ 0     0     0     0     0     0     0     0     0     0     0     0     0     4     ]
#37   : 32768 1     0     [ 0     0     0     0     0     0     0     0     0     0     0     0     0     4     ]
#38   : 32768 1     0     [ 0     0     0     0     0     0     0     0     0     0     0     0     0     4     ]
#39   : 32768 1     0     [ 0     0     0     0     0     0     0     0     0     0     0     0     0     4     ]
#40   : 32768 1     0     [ 0     0     0     0     0     0     0     0     0     0     0     0     0     4     ]
#41   : 32768 1     0     [ 0     0     0     0     0     0     0     0     0     0     0     0     0     4     ]
#42   : 32768 1     0     [ 0     0     0     0     0     0     0     0     0     0     0     0     0     4     ]
#43   : 32768 1     0     [ 0     0     0     0     0     0     0     0     0     0     0     0     0     4     ]
#44   : 32768 1     0     [ 0     0     0     0     0     0     0     0     0     0     0     0     0     4     ]
#45   : 32768 1     0     [ 0     0     0     0     0     0     0     0     0     0     0     0     0     4     ]
#46   : 32768 1     0     [ 0     0     0     0     0     0     0     0     0     0     0     0     0     4     ]
#47   : 6912  1     0     [ 0     0     0     0     0     0     0     0     1     1     0     1     1     0     ]
